//############################################################
//# -- SSEMU MUONLINE SERVER EMULATOR
//# -- www.ssemu.com.ar
//# -- www.facebook.com/ssemuemulator
//# -- © 2022 SetecSoft Development
//# ----------------------------------------------------------
//# -- File is a part of SSeMU MuOnline Server files.
//############################################################

//------------------------------------------------------------------------------------------------------------------------------
//Index   MonsterClass   CurrentState   RequireIndex   RequireState   RequireMinLevel   RequireMaxLevel   DW   DK   FE   MG   DL
//------------------------------------------------------------------------------------------------------------------------------
0         235            3              *              *              150               *                 1    1    1    0    0
1         235            3              0              2              150               *                 1    1    1    0    0
2         229            3              1              2              220               *                 2    2    2    0    0
3         229            3              2              2              220               *                 0    2    0    0    0
0         235            0              *              *              150               *                 1    1    1    0    0
1         235            0              0              2              150               *                 1    1    1    0    0
2         229            0              1              2              220               *                 2    2    2    0    0
3         229            0              2              2              220               *                 0    2    0    0    0
0         235            1              *              *              150               *                 1    1    1    0    0
1         235            1              0              2              150               *                 1    1    1    0    0
2         229            1              1              2              220               *                 2    2    2    0    0
3         229            1              2              2              220               *                 0    2    0    0    0
3         229            2              2              2              220               *                 0    2    0    0    0
2         229            2              1              2              220               *                 2    2    2    0    0
1         235            2              0              2              150               *                 1    1    1    0    0
0         235            2              *              *              150               *                 1    1    1    0    0
end